{"rm_object_type":"com.rapidminer.operator.visualization.dependencies.NumericalMatrix","rm_object_version":"10.3.0","matrix":[[1.0,-0.25754008910066883,-0.2639786570805662,-0.24085005424883382,-0.06553881784471378,0.07528086341398009,-0.004988355935079296,0.019911185312091878,-0.036052998651349595,-0.03429934033109388,0.03797783241567762,0.034351310145428436,0.04807359310110743,-0.024437482778832408,-0.004356560813819849,0.013551668147953819,0.0400088995154943,-0.021496168891410414,0.27703888565042056,0.03315653294722667,-0.005889968121702502,-0.04286987370727839,0.026467261069231512,-0.0474084777047036],[-0.25754008910066883,1.0,-0.316781574967648,-0.28902662192383766,-0.020657947637818596,0.006281806934633145,0.024206271357330066,-0.005446757157864494,0.0038180705491185425,-0.01047245779456396,0.011916094433847441,-0.0067905373873808515,-0.020710859067990663,0.015325485140995127,-0.031431773145634584,0.06474699664824582,-0.04404100780039236,-0.0057078355889695126,0.018935748929555477,-0.04354093601922637,0.032563567183858465,0.006892637597336405,-0.007914085884983092,0.018856448355430145],[-0.2639786570805662,-0.316781574967648,1.0,-0.296252361263127,-0.0032913778902906284,-0.038480104078444044,0.05340333831590871,0.0234371328515152,0.03388458568249907,-0.016156940287829654,-0.0015707389973845368,-0.007155332269886554,-0.011868407325799813,0.005935063717045836,-0.0021603409514354905,-0.03823350810399199,0.02741722734449427,-0.027512917606806964,0.03595417762335618,0.02137170637260357,-0.00817642659683369,-0.011589587806555163,0.001152483292631808,0.007365309396269737],[-0.24085005424883382,-0.28902662192383766,-0.296252361263127,1.0,0.043901471923111154,-0.032849213358179565,-0.026457083954597758,-0.01879377927333815,0.00783815358355839,0.03796497584868081,-0.05826669849229168,0.023678986225638122,0.018105425060098927,-0.0012548080027222205,0.007322905166792078,-0.018649473002696867,0.006214122174630928,0.03509077435919916,0.0037130870140203126,-0.019138348904775126,6.888680777184875E-4,0.023523540651110023,-0.006932285773923097,-0.009042708012332593],[-0.06553881784471378,-0.020657947637818596,-0.0032913778902906284,0.043901471923111154,1.0,-0.7440783879663438,-0.3250398915205285,-0.1698329118929536,0.06774856907023168,0.04135802960659062,-0.06380007227848229,-0.024100238431627046,0.0029954257279440647,0.2515526146363125,-0.0693010645305662,-0.14124461285841172,-0.2144359317383835,-0.035383395322195754,0.02086723668174272,-0.03609076473606753,0.0457892743087834,-0.01742854787416827,0.002396492761256857,0.237784702310655],[0.07528086341398009,0.006281806934633145,-0.038480104078444044,-0.032849213358179565,-0.7440783879663438,1.0,-0.23328126810235758,-0.1218891529484837,-0.0341620433957844,0.018691485557259583,-0.01103097553120808,0.030821119093936762,0.017335069940933007,0.03981573727392667,0.03222585668603735,-0.07480956254863305,-0.039781389654820073,0.03397269725265746,-0.03768282579770471,-0.01697606229631017,-0.031621425111976575,0.03317150348216277,0.011304625014880406,0.06412234100840371],[-0.004988355935079296,0.024206271357330066,0.05340333831590871,-0.026457083954597758,-0.3250398915205285,-0.23328126810235758,1.0,-0.05324551511325068,-0.012930825200468532,-0.017870115482778684,0.01880169914327843,-0.01823355169406986,-0.007298983255760737,-0.23346076817385064,0.12861543772027667,0.0766254948248575,0.16198237831935686,-0.005660122899584216,-7.649839039642624E-4,0.05990537186098749,0.023103199607516722,-0.06307071313767386,-0.005791444437234574,-0.2407876769820918],[0.019911185312091878,-0.005446757157864494,0.0234371328515152,-0.01879377927333815,-0.1698329118929536,-0.1218891529484837,-0.05324551511325068,1.0,-0.06124192733490056,-0.09387261576879831,0.1310084864519406,-0.0035882557511106757,-0.016713685457323872,-0.25524105577186823,-0.060430291143131545,0.24667612319076132,0.28709118613240137,0.03934398626622146,0.053845714173097824,-0.0027633926974067807,-0.05689582459048532,0.08060552171399542,-0.027001057586440835,-0.2627278112491383],[-0.036052998651349595,0.0038180705491185425,0.03388458568249907,0.00783815358355839,0.06774856907023168,-0.0341620433957844,-0.012930825200468532,-0.06124192733490056,1.0,-0.29048456857158605,-0.2960484967674726,-0.11509756790267593,-0.04378423829650985,0.031875178787175384,0.07322054919339445,-0.06345938818724615,-0.09891795966146255,-0.038732527365052935,-0.03175285643648054,0.09018352435011336,0.04115803823104625,-0.06884204463892378,-0.044829463201693995,-0.00673422286307597],[-0.03429934033109388,-0.01047245779456396,-0.016156940287829654,0.03796497584868081,0.04135802960659062,0.018691485557259583,-0.017870115482778684,-0.09387261576879831,-0.29048456857158605,1.0,-0.6379056536433141,-0.24800460089273332,0.018861900142155302,0.01759737787617122,0.14558061986177,-0.03907390085347332,-0.20083809322648244,-0.002409415997863828,-0.020690735820547774,-0.018555174616776887,0.07536649897547211,-0.07970790024732623,0.0200587588886288,0.004506800200260391],[0.03797783241567762,0.011916094433847441,-0.0015707389973845368,-0.05826669849229168,-0.06380007227848229,-0.01103097553120808,0.01880169914327843,0.1310084864519406,-0.2960484967674726,-0.6379056536433141,1.0,-0.25275486972251904,0.012231478557386183,-0.04433482199699154,-0.1562561511976707,0.11978590959237367,0.18097424234557372,0.02146428999382593,0.028444074263773444,-0.00657726037882347,-0.030530493602764663,0.012542634956562085,0.027867633398782527,-0.009252765163056212],[0.034351310145428436,-0.0067905373873808515,-0.007155332269886554,0.023678986225638122,-0.024100238431627046,0.030821119093936762,-0.01823355169406986,-0.0035882557511106757,-0.11509756790267593,-0.24800460089273332,-0.25275486972251904,1.0,-0.019766121018406357,0.003512052382058909,-0.044071349235067225,-0.054310604428486536,0.11481105968168455,0.010518537612273145,0.009871994446704163,-0.04582497536544353,-0.1022638030360163,0.15647459784351497,-0.024871644370649062,0.019563171561860083],[0.04807359310110743,-0.020710859067990663,-0.011868407325799813,0.018105425060098927,0.0029954257279440647,0.017335069940933007,-0.007298983255760737,-0.016713685457323872,-0.04378423829650985,0.018861900142155302,0.012231478557386183,-0.019766121018406357,1.0,-0.03583420240261911,0.04127707027750172,-0.04816539546752397,0.059055386483217925,0.02120759322762495,0.021117414135204484,-0.028610120523899534,-0.010116614500550606,0.006116614897573392,0.03404651174475919,-3.35857716177911E-4],[-0.024437482778832408,0.015325485140995127,0.005935063717045836,-0.0012548080027222205,0.2515526146363125,0.03981573727392667,-0.23346076817385064,-0.25524105577186823,0.031875178787175384,0.01759737787617122,-0.04433482199699154,0.003512052382058909,-0.03583420240261911,1.0,-0.6701024557493768,-0.4171574571388638,-0.4122653475734511,-0.008614727750626635,-0.042381022486799445,-0.14836249723530673,0.04426691519461067,0.023670967136823963,0.056759890744597474,0.7646326901475698],[-0.004356560813819849,-0.031431773145634584,-0.0021603409514354905,0.007322905166792078,-0.0693010645305662,0.03222585668603735,0.12861543772027667,-0.060430291143131545,0.07322054919339445,0.14558061986177,-0.1562561511976707,-0.044071349235067225,0.04127707027750172,-0.6701024557493768,1.0,-0.11937362458395266,-0.11797370030909624,0.010218827410108327,-0.025073470661584038,0.14063717529148367,-0.0038820335115642797,-0.06236140490157931,-0.04998510587855207,-0.3360660923736942],[0.013551668147953819,0.06474699664824582,-0.03823350810399199,-0.018649473002696867,-0.14124461285841172,-0.07480956254863305,0.0766254948248575,0.24667612319076132,-0.06345938818724615,-0.03907390085347332,0.11978590959237367,-0.054310604428486536,-0.04816539546752397,-0.4171574571388638,-0.11937362458395266,1.0,-0.07344191684116241,0.01223752346473689,0.04454248353219366,0.03988174681388871,-0.020263400499739716,-0.0014419589589462994,-0.011533083982765537,-0.35059895698754007],[0.0400088995154943,-0.04404100780039236,0.02741722734449427,0.006214122174630928,-0.2144359317383835,-0.039781389654820073,0.16198237831935686,0.28709118613240137,-0.09891795966146255,-0.20083809322648244,0.18097424234557372,0.11481105968168455,0.059055386483217925,-0.4122653475734511,-0.11797370030909624,-0.07344191684116241,1.0,-0.011353561322765994,0.06901007099935853,0.0271971779083814,-0.05781433119657147,0.05371642080627598,-0.022442726908618302,-0.5362968838402459],[-0.021496168891410414,-0.0057078355889695126,-0.027512917606806964,0.03509077435919916,-0.035383395322195754,0.03397269725265746,-0.005660122899584216,0.03934398626622146,-0.038732527365052935,-0.002409415997863828,0.02146428999382593,0.010518537612273145,0.02120759322762495,-0.008614727750626635,0.010218827410108327,0.01223752346473689,-0.011353561322765994,1.0,0.017618499175312687,-0.04314879445139768,0.03494216667248552,-0.01826516985477132,0.024518493797298407,0.017418094253168936],[0.27703888565042056,0.018935748929555477,0.03595417762335618,0.0037130870140203126,0.02086723668174272,-0.03768282579770471,-7.649839039642624E-4,0.053845714173097824,-0.03175285643648054,-0.020690735820547774,0.028444074263773444,0.009871994446704163,0.021117414135204484,-0.042381022486799445,-0.025073470661584038,0.04454248353219366,0.06901007099935853,0.017618499175312687,1.0,0.011092158473101845,0.02627946286905321,-0.018570158188762263,-0.021792680623601974,-0.08094060706372541],[0.03315653294722667,-0.04354093601922637,0.02137170637260357,-0.019138348904775126,-0.03609076473606753,-0.01697606229631017,0.05990537186098749,-0.0027633926974067807,0.09018352435011336,-0.018555174616776887,-0.00657726037882347,-0.04582497536544353,-0.028610120523899534,-0.14836249723530673,0.14063717529148367,0.03988174681388871,0.0271971779083814,-0.04314879445139768,0.011092158473101845,1.0,-0.27167867714640365,-0.3198766686898918,-0.2536759338126702,-0.0974127193711977],[-0.005889968121702502,0.032563567183858465,-0.00817642659683369,6.888680777184875E-4,0.0457892743087834,-0.031621425111976575,0.023103199607516722,-0.05689582459048532,0.04115803823104625,0.07536649897547211,-0.030530493602764663,-0.1022638030360163,-0.010116614500550606,0.04426691519461067,-0.0038820335115642797,-0.020263400499739716,-0.05781433119657147,0.03494216667248552,0.02627946286905321,-0.27167867714640365,1.0,-0.4156262487810365,-0.32960946232310734,0.05515738342207412],[-0.04286987370727839,0.006892637597336405,-0.011589587806555163,0.023523540651110023,-0.01742854787416827,0.03317150348216277,-0.06307071313767386,0.08060552171399542,-0.06884204463892378,-0.07970790024732623,0.012542634956562085,0.15647459784351497,0.006116614897573392,0.023670967136823963,-0.06236140490157931,-0.0014419589589462994,0.05371642080627598,-0.01826516985477132,-0.018570158188762263,-0.3198766686898918,-0.4156262487810365,1.0,-0.38808484303598056,2.280433902827548E-4],[0.026467261069231512,-0.007914085884983092,0.001152483292631808,-0.006932285773923097,0.002396492761256857,0.011304625014880406,-0.005791444437234574,-0.027001057586440835,-0.044829463201693995,0.0200587588886288,0.027867633398782527,-0.024871644370649062,0.03404651174475919,0.056759890744597474,-0.04998510587855207,-0.011533083982765537,-0.022442726908618302,0.024518493797298407,-0.021792680623601974,-0.2536759338126702,-0.32960946232310734,-0.38808484303598056,1.0,0.026824179366796427],[-0.0474084777047036,0.018856448355430145,0.007365309396269737,-0.009042708012332593,0.237784702310655,0.06412234100840371,-0.2407876769820918,-0.2627278112491383,-0.00673422286307597,0.004506800200260391,-0.009252765163056212,0.019563171561860083,-3.35857716177911E-4,0.7646326901475698,-0.3360660923736942,-0.35059895698754007,-0.5362968838402459,0.017418094253168936,-0.08094060706372541,-0.0974127193711977,0.05515738342207412,2.280433902827548E-4,0.026824179366796427,1.0]],"columnNames":["Age = range1","Age = range2","Age = range3","Age = range4","bloodpressure = range1","bloodpressure = range2","bloodpressure = range3","bloodpressure = range4","BMI = range1","BMI = range2","BMI = range3","BMI = range4","children","Claims = range1","Claims = range2","Claims = range3","Claims = range4","diabetic = No","gender = male","region = northeast","region = northwest","region = southeast","region = southwest","smoker = No"],"rowNames":["Age = range1","Age = range2","Age = range3","Age = range4","bloodpressure = range1","bloodpressure = range2","bloodpressure = range3","bloodpressure = range4","BMI = range1","BMI = range2","BMI = range3","BMI = range4","children","Claims = range1","Claims = range2","Claims = range3","Claims = range4","diabetic = No","gender = male","region = northeast","region = northwest","region = southeast","region = southwest","smoker = No"],"name":"Correlation","theoreticalMin":-1.0,"theoreticalMax":1.0,"symmetrical":true,"firstAttributeName":"First Attribute","secondAttributeName":"Second Attribute","isUseless":false,"rm_object_annotations":{"AMResult":"Correlations"}}